 17 1983   1   1  3 2345   0   0   1   1   0   0   0   0   0   0   0   0   0   0
   0   0   0   0   0   9   0   1   0   0   1   0   0   0   1   0   1   2   2   0
   3   0   1
    1.20   378.0    0.00    0.00    0.00    0.00    0.00    0.00    1.00    1.00
   90.00    0.00    0.30    0.00    0.00    0.80    0.01 2500.00   25.00  100.00
    0.00   25.00 1000.00    0.00    0.00    0.00    0.00    0.00    0.00    0.00
    0.00    0.00    0.20    4.00    1.58    0.56    0.56    0.12
    0.04   31.00    2.50    7.40    0.00





****************************
Variable number
****************************
   1   2   3   4   5   6   7   8   9  10  11  12  13  14  15  16  17  18  19  20
  21  22  23  24  25  26  27  28  29  30  31  32  33  34
   1.00     2.00    3.00    4.00    5.00    6.00    7.00    8.00    9.00   10.00
  11.00    12.00   13.00   14.00   15.00   16.00   17.00   18.00   19.00   20.00
  21.00    22.00   23.00   24.00   25.00   26.00   27.00   28.00   29.00   30.00
  31.00    32.00   33.00   34.00   35.00







