   1   2   3   4   6   7   9  10  11  13  14  15  16  17  18  19  28  29  30  31
  33  34  35  36  37  42  43  47  48  93  89  49  50  51  52  53  54  56  57  58
  59  60  61  62  63  65  67  68  73  74  75  76  77  85  86  87  88  89  90  91
  92  93  94  95  96 101 102 103 104 105 106 107                                
                                                                                
  44  45  46  55                                                                
   1   2   3   4   5   6   7   8   9  10  11  12  13  14  15  16  17  18  19  20
  21  22  23  24  25  26  27  28  29  30                                        
  74  99 100   4   5   6  10  11  13  43  44  46  47  48  93  89  49  50  51  52
  87  30  59      65  66  67  68  69  70  71  74  99 100                        
  74  99 100  16  17  18  19  33  43  44  45  46  47  89  93  49  50  51  52  53
  54  55  56  57  73  74  75  76  77  97  96  65                                
   4  10  11  13  14  16  17  18  19  20                                        
                                                                                
   1   0   0   0   0   0   0   0   0   0   0   0   0   0   0   0   0   0   1   0
   0   0   0   0   0   0   0   0   0   0   0   1   0   0   0                    
                                                                                
                                                                                
                                                                                
                                                                                
